{
    "cells": [
        {
            "metadata": {},
            "cell_type": "markdown",
            "source": "# CONTENT\n1. [Introduction](#1)\n2. [Load and Check Data](#2)\n3. [Outlier Detection](#3)\n4. [Fill Missing Value](#4)\n5. [Data Visualization](#5)\n6. [Machine Learning Algorithms](#6)\n7. [Results](#7)\n\n\n\n"
        },
        {
            "metadata": {},
            "cell_type": "markdown",
            "source": "<a id=\"1\"> </a>\n## INTRODUCTION\n\n* Chronic kidney disease (CKD) is an important public health problem worldwide, especially for underdeveloped countries. Chronic kidney disease means that the kidney is not working as expected and cannot filter blood properly. Approximately 10% of the world's population suffers from this disease and millions die every year. Recently, the number of patients who have reached renal insufficiency is increasing, which necessitates kidney transplant or dialysis. CKD does not show any symptoms in its early stages. The only way to find out if the patient has kidney disease is by testing. Early detection of CKD in its early stages can help the patient receive effective treatment. \n* The aim of this study is to analyze the methods and compare their accuracy values by using 6 different machine learning methods."
        },
        {
            "metadata": {
                "_cell_guid": "b90e6094-bc86-4933-bf83-f7402d3cf4ce",
                "_uuid": "53956e3f-a3f5-41c2-8afa-703d189f13bc"
            },
            "cell_type": "code",
            "source": "# This Python 3 environment comes with many helpful analytics libraries installed\n\nimport numpy as np # linear algebra\nimport pandas as pd # data processing, CSV file I/O (e.g. pd.read_csv)\nimport matplotlib.pyplot as plt\nimport seaborn as sns\nfrom mpl_toolkits.mplot3d import Axes3D\nfrom sklearn.preprocessing import StandardScaler\nfrom sklearn.impute import KNNImputer\nfrom sklearn import metrics\nfrom sklearn.metrics import roc_curve, auc, confusion_matrix, classification_report,accuracy_score, f1_score, precision_score, recall_score, roc_auc_score\nfrom imblearn.metrics import sensitivity_score\nfrom sklearn.pipeline import make_pipeline\nfrom sklearn.datasets import make_classification\nfrom plotly.offline import init_notebook_mode, iplot\ninit_notebook_mode(connected=True)\nimport plotly.graph_objs as go\nfrom sklearn.model_selection import GridSearchCV , KFold , cross_val_score, ShuffleSplit, cross_validate\n\nfrom collections import Counter\nplt.style.use(\"seaborn-muted\")\n# Input data files are available in the read-only \"../input/\" directory\n# For example, running this (by clicking run or pressing Shift+Enter) will list all files under the input directory\nimport warnings\n# ignore warnings\nwarnings.filterwarnings(\"ignore\")\nfrom subprocess import check_output\nprint(check_output([\"ls\", \"../input\"]).decode(\"utf8\"))\nimport os\nfor dirname, _, filenames in os.walk('/kaggle/input'):\n    for filename in filenames:\n        print(os.path.join(dirname, filename))\n",
            "execution_count": 1,
            "outputs": [
                {
                    "name": "stderr",
                    "output_type": "stream",
                    "text": "Using TensorFlow backend.\n"
                },
                {
                    "data": {
                        "text/html": "        <script type=\"text/javascript\">\n        window.PlotlyConfig = {MathJaxConfig: 'local'};\n        if (window.MathJax) {MathJax.Hub.Config({SVG: {font: \"STIX-Web\"}});}\n        if (typeof require !== 'undefined') {\n        require.undef(\"plotly\");\n        requirejs.config({\n            paths: {\n                'plotly': ['https://cdn.plot.ly/plotly-latest.min']\n            }\n        });\n        require(['plotly'], function(Plotly) {\n            window._Plotly = Plotly;\n        });\n        }\n        </script>\n        "
                    },
                    "metadata": {},
                    "output_type": "display_data"
                },
                {
                    "name": "stdout",
                    "output_type": "stream",
                    "text": "ckdisease\n\n/kaggle/input/ckdisease/kidney_disease.csv\n"
                }
            ]
        },
        {
            "metadata": {},
            "cell_type": "markdown",
            "source": "<a id=\"2\"> </a>\n## LOAD AND CHECK DATA"
        },
        {
            "metadata": {
                "_cell_guid": "39c4b575-5b72-44a4-b580-128ac241e606",
                "_uuid": "d136a5ae-b93f-4ae3-840d-ca285e23a544"
            },
            "cell_type": "code",
            "source": "#upload dataset\ndf = pd.read_csv(\"/kaggle/input/ckdisease/kidney_disease.csv\") ",
            "execution_count": 2,
            "outputs": []
        },
        {
            "metadata": {
                "_cell_guid": "e6831c99-ef7c-4350-a7a8-d74e542f970e",
                "_uuid": "976fac1b-9ff1-4e69-a5ec-e6617c582adc"
            },
            "cell_type": "code",
            "source": "#info about dataset\ndf.info() ",
            "execution_count": 3,
            "outputs": [
                {
                    "name": "stdout",
                    "output_type": "stream",
                    "text": "<class 'pandas.core.frame.DataFrame'>\nRangeIndex: 400 entries, 0 to 399\nData columns (total 26 columns):\n #   Column          Non-Null Count  Dtype  \n---  ------          --------------  -----  \n 0   id              400 non-null    int64  \n 1   age             391 non-null    float64\n 2   bp              388 non-null    float64\n 3   sg              353 non-null    float64\n 4   al              354 non-null    float64\n 5   su              351 non-null    float64\n 6   rbc             248 non-null    object \n 7   pc              335 non-null    object \n 8   pcc             396 non-null    object \n 9   ba              396 non-null    object \n 10  bgr             356 non-null    float64\n 11  bu              381 non-null    float64\n 12  sc              383 non-null    float64\n 13  sod             313 non-null    float64\n 14  pot             312 non-null    float64\n 15  hemo            348 non-null    float64\n 16  pcv             330 non-null    object \n 17  wc              295 non-null    object \n 18  rc              270 non-null    object \n 19  htn             398 non-null    object \n 20  dm              398 non-null    object \n 21  cad             398 non-null    object \n 22  appet           399 non-null    object \n 23  pe              399 non-null    object \n 24  ane             399 non-null    object \n 25  classification  400 non-null    object \ndtypes: float64(11), int64(1), object(14)\nmemory usage: 81.4+ KB\n"
                }
            ]
        },
        {
            "metadata": {
                "_cell_guid": "39c8ba34-e611-473b-a5a8-f3de91c22f0d",
                "_uuid": "7d675a77-5088-438e-a708-695a9f784cb5"
            },
            "cell_type": "code",
            "source": "#first five rows of dataset\ndf.head(10) ",
            "execution_count": 4,
            "outputs": [
                {
                    "data": {
                        "text/html": "<div>\n<style scoped>\n    .dataframe tbody tr th:only-of-type {\n        vertical-align: middle;\n    }\n\n    .dataframe tbody tr th {\n        vertical-align: top;\n    }\n\n    .dataframe thead th {\n        text-align: right;\n    }\n</style>\n<table border=\"1\" class=\"dataframe\">\n  <thead>\n    <tr style=\"text-align: right;\">\n      <th></th>\n      <th>id</th>\n      <th>age</th>\n      <th>bp</th>\n      <th>sg</th>\n      <th>al</th>\n      <th>su</th>\n      <th>rbc</th>\n      <th>pc</th>\n      <th>pcc</th>\n      <th>ba</th>\n      <th>...</th>\n      <th>pcv</th>\n      <th>wc</th>\n      <th>rc</th>\n      <th>htn</th>\n      <th>dm</th>\n      <th>cad</th>\n      <th>appet</th>\n      <th>pe</th>\n      <th>ane</th>\n      <th>classification</th>\n    </tr>\n  </thead>\n  <tbody>\n    <tr>\n      <th>0</th>\n      <td>0</td>\n      <td>48.0</td>\n      <td>80.0</td>\n      <td>1.020</td>\n      <td>1.0</td>\n      <td>0.0</td>\n      <td>NaN</td>\n      <td>normal</td>\n      <td>notpresent</td>\n      <td>notpresent</td>\n      <td>...</td>\n      <td>44</td>\n      <td>7800</td>\n      <td>5.2</td>\n      <td>yes</td>\n      <td>yes</td>\n      <td>no</td>\n      <td>good</td>\n      <td>no</td>\n      <td>no</td>\n      <td>ckd</td>\n    </tr>\n    <tr>\n      <th>1</th>\n      <td>1</td>\n      <td>7.0</td>\n      <td>50.0</td>\n      <td>1.020</td>\n      <td>4.0</td>\n      <td>0.0</td>\n      <td>NaN</td>\n      <td>normal</td>\n      <td>notpresent</td>\n      <td>notpresent</td>\n      <td>...</td>\n      <td>38</td>\n      <td>6000</td>\n      <td>NaN</td>\n      <td>no</td>\n      <td>no</td>\n      <td>no</td>\n      <td>good</td>\n      <td>no</td>\n      <td>no</td>\n      <td>ckd</td>\n    </tr>\n    <tr>\n      <th>2</th>\n      <td>2</td>\n      <td>62.0</td>\n      <td>80.0</td>\n      <td>1.010</td>\n      <td>2.0</td>\n      <td>3.0</td>\n      <td>normal</td>\n      <td>normal</td>\n      <td>notpresent</td>\n      <td>notpresent</td>\n      <td>...</td>\n      <td>31</td>\n      <td>7500</td>\n      <td>NaN</td>\n      <td>no</td>\n      <td>yes</td>\n      <td>no</td>\n      <td>poor</td>\n      <td>no</td>\n      <td>yes</td>\n      <td>ckd</td>\n    </tr>\n    <tr>\n      <th>3</th>\n      <td>3</td>\n      <td>48.0</td>\n      <td>70.0</td>\n      <td>1.005</td>\n      <td>4.0</td>\n      <td>0.0</td>\n      <td>normal</td>\n      <td>abnormal</td>\n      <td>present</td>\n      <td>notpresent</td>\n      <td>...</td>\n      <td>32</td>\n      <td>6700</td>\n      <td>3.9</td>\n      <td>yes</td>\n      <td>no</td>\n      <td>no</td>\n      <td>poor</td>\n      <td>yes</td>\n      <td>yes</td>\n      <td>ckd</td>\n    </tr>\n    <tr>\n      <th>4</th>\n      <td>4</td>\n      <td>51.0</td>\n      <td>80.0</td>\n      <td>1.010</td>\n      <td>2.0</td>\n      <td>0.0</td>\n      <td>normal</td>\n      <td>normal</td>\n      <td>notpresent</td>\n      <td>notpresent</td>\n      <td>...</td>\n      <td>35</td>\n      <td>7300</td>\n      <td>4.6</td>\n      <td>no</td>\n      <td>no</td>\n      <td>no</td>\n      <td>good</td>\n      <td>no</td>\n      <td>no</td>\n      <td>ckd</td>\n    </tr>\n    <tr>\n      <th>5</th>\n      <td>5</td>\n      <td>60.0</td>\n      <td>90.0</td>\n      <td>1.015</td>\n      <td>3.0</td>\n      <td>0.0</td>\n      <td>NaN</td>\n      <td>NaN</td>\n      <td>notpresent</td>\n      <td>notpresent</td>\n      <td>...</td>\n      <td>39</td>\n      <td>7800</td>\n      <td>4.4</td>\n      <td>yes</td>\n      <td>yes</td>\n      <td>no</td>\n      <td>good</td>\n      <td>yes</td>\n      <td>no</td>\n      <td>ckd</td>\n    </tr>\n    <tr>\n      <th>6</th>\n      <td>6</td>\n      <td>68.0</td>\n      <td>70.0</td>\n      <td>1.010</td>\n      <td>0.0</td>\n      <td>0.0</td>\n      <td>NaN</td>\n      <td>normal</td>\n      <td>notpresent</td>\n      <td>notpresent</td>\n      <td>...</td>\n      <td>36</td>\n      <td>NaN</td>\n      <td>NaN</td>\n      <td>no</td>\n      <td>no</td>\n      <td>no</td>\n      <td>good</td>\n      <td>no</td>\n      <td>no</td>\n      <td>ckd</td>\n    </tr>\n    <tr>\n      <th>7</th>\n      <td>7</td>\n      <td>24.0</td>\n      <td>NaN</td>\n      <td>1.015</td>\n      <td>2.0</td>\n      <td>4.0</td>\n      <td>normal</td>\n      <td>abnormal</td>\n      <td>notpresent</td>\n      <td>notpresent</td>\n      <td>...</td>\n      <td>44</td>\n      <td>6900</td>\n      <td>5</td>\n      <td>no</td>\n      <td>yes</td>\n      <td>no</td>\n      <td>good</td>\n      <td>yes</td>\n      <td>no</td>\n      <td>ckd</td>\n    </tr>\n    <tr>\n      <th>8</th>\n      <td>8</td>\n      <td>52.0</td>\n      <td>100.0</td>\n      <td>1.015</td>\n      <td>3.0</td>\n      <td>0.0</td>\n      <td>normal</td>\n      <td>abnormal</td>\n      <td>present</td>\n      <td>notpresent</td>\n      <td>...</td>\n      <td>33</td>\n      <td>9600</td>\n      <td>4.0</td>\n      <td>yes</td>\n      <td>yes</td>\n      <td>no</td>\n      <td>good</td>\n      <td>no</td>\n      <td>yes</td>\n      <td>ckd</td>\n    </tr>\n    <tr>\n      <th>9</th>\n      <td>9</td>\n      <td>53.0</td>\n      <td>90.0</td>\n      <td>1.020</td>\n      <td>2.0</td>\n      <td>0.0</td>\n      <td>abnormal</td>\n      <td>abnormal</td>\n      <td>present</td>\n      <td>notpresent</td>\n      <td>...</td>\n      <td>29</td>\n      <td>12100</td>\n      <td>3.7</td>\n      <td>yes</td>\n      <td>yes</td>\n      <td>no</td>\n      <td>poor</td>\n      <td>no</td>\n      <td>yes</td>\n      <td>ckd</td>\n    </tr>\n  </tbody>\n</table>\n<p>10 rows \u00d7 26 columns</p>\n</div>",
                        "text/plain": "   id   age     bp     sg   al   su       rbc        pc         pcc  \\\n0   0  48.0   80.0  1.020  1.0  0.0       NaN    normal  notpresent   \n1   1   7.0   50.0  1.020  4.0  0.0       NaN    normal  notpresent   \n2   2  62.0   80.0  1.010  2.0  3.0    normal    normal  notpresent   \n3   3  48.0   70.0  1.005  4.0  0.0    normal  abnormal     present   \n4   4  51.0   80.0  1.010  2.0  0.0    normal    normal  notpresent   \n5   5  60.0   90.0  1.015  3.0  0.0       NaN       NaN  notpresent   \n6   6  68.0   70.0  1.010  0.0  0.0       NaN    normal  notpresent   \n7   7  24.0    NaN  1.015  2.0  4.0    normal  abnormal  notpresent   \n8   8  52.0  100.0  1.015  3.0  0.0    normal  abnormal     present   \n9   9  53.0   90.0  1.020  2.0  0.0  abnormal  abnormal     present   \n\n           ba  ...  pcv     wc   rc  htn   dm  cad appet   pe  ane  \\\n0  notpresent  ...   44   7800  5.2  yes  yes   no  good   no   no   \n1  notpresent  ...   38   6000  NaN   no   no   no  good   no   no   \n2  notpresent  ...   31   7500  NaN   no  yes   no  poor   no  yes   \n3  notpresent  ...   32   6700  3.9  yes   no   no  poor  yes  yes   \n4  notpresent  ...   35   7300  4.6   no   no   no  good   no   no   \n5  notpresent  ...   39   7800  4.4  yes  yes   no  good  yes   no   \n6  notpresent  ...   36    NaN  NaN   no   no   no  good   no   no   \n7  notpresent  ...   44   6900    5   no  yes   no  good  yes   no   \n8  notpresent  ...   33   9600  4.0  yes  yes   no  good   no  yes   \n9  notpresent  ...   29  12100  3.7  yes  yes   no  poor   no  yes   \n\n  classification  \n0            ckd  \n1            ckd  \n2            ckd  \n3            ckd  \n4            ckd  \n5            ckd  \n6            ckd  \n7            ckd  \n8            ckd  \n9            ckd  \n\n[10 rows x 26 columns]"
                    },
                    "execution_count": 4,
                    "metadata": {},
                    "output_type": "execute_result"
                }
            ]
        },
        {
            "metadata": {
                "_cell_guid": "bfe6d861-3600-4a31-afbb-6d4ed88297d7",
                "_uuid": "cbf15068-b69f-41db-8ee6-8b1ab4c745a5"
            },
            "cell_type": "code",
            "source": "#drop id column\ndf.drop([\"id\"],axis=1,inplace=True) ",
            "execution_count": 5,
            "outputs": []
        },
        {
            "metadata": {
                "_cell_guid": "70270052-e835-4fef-8cba-e849011adf8b",
                "_uuid": "7ff103c5-d254-4b39-b95d-b6c219c65f3c"
            },
            "cell_type": "code",
            "source": "#convert to numeric data type\ndf.pcv = pd.to_numeric(df.pcv, errors='coerce')\ndf.wc = pd.to_numeric(df.wc, errors='coerce')\ndf.rc = pd.to_numeric(df.rc, errors='coerce')",
            "execution_count": 6,
            "outputs": []
        },
        {
            "metadata": {
                "_cell_guid": "4136c2a6-19f0-4538-be72-812dc956de75",
                "_uuid": "e976fc3f-254c-4d2e-bdad-a5382c4f38b5"
            },
            "cell_type": "code",
            "source": "#statistical information of the features used in the data set\ndf.describe()",
            "execution_count": 7,
            "outputs": [
                {
                    "data": {
                        "text/html": "<div>\n<style scoped>\n    .dataframe tbody tr th:only-of-type {\n        vertical-align: middle;\n    }\n\n    .dataframe tbody tr th {\n        vertical-align: top;\n    }\n\n    .dataframe thead th {\n        text-align: right;\n    }\n</style>\n<table border=\"1\" class=\"dataframe\">\n  <thead>\n    <tr style=\"text-align: right;\">\n      <th></th>\n      <th>age</th>\n      <th>bp</th>\n      <th>sg</th>\n      <th>al</th>\n      <th>su</th>\n      <th>bgr</th>\n      <th>bu</th>\n      <th>sc</th>\n      <th>sod</th>\n      <th>pot</th>\n      <th>hemo</th>\n      <th>pcv</th>\n      <th>wc</th>\n      <th>rc</th>\n    </tr>\n  </thead>\n  <tbody>\n    <tr>\n      <th>count</th>\n      <td>391.000000</td>\n      <td>388.000000</td>\n      <td>353.000000</td>\n      <td>354.000000</td>\n      <td>351.000000</td>\n      <td>356.000000</td>\n      <td>381.000000</td>\n      <td>383.000000</td>\n      <td>313.000000</td>\n      <td>312.000000</td>\n      <td>348.000000</td>\n      <td>329.000000</td>\n      <td>294.000000</td>\n      <td>269.000000</td>\n    </tr>\n    <tr>\n      <th>mean</th>\n      <td>51.483376</td>\n      <td>76.469072</td>\n      <td>1.017408</td>\n      <td>1.016949</td>\n      <td>0.450142</td>\n      <td>148.036517</td>\n      <td>57.425722</td>\n      <td>3.072454</td>\n      <td>137.528754</td>\n      <td>4.627244</td>\n      <td>12.526437</td>\n      <td>38.884498</td>\n      <td>8406.122449</td>\n      <td>4.707435</td>\n    </tr>\n    <tr>\n      <th>std</th>\n      <td>17.169714</td>\n      <td>13.683637</td>\n      <td>0.005717</td>\n      <td>1.352679</td>\n      <td>1.099191</td>\n      <td>79.281714</td>\n      <td>50.503006</td>\n      <td>5.741126</td>\n      <td>10.408752</td>\n      <td>3.193904</td>\n      <td>2.912587</td>\n      <td>8.990105</td>\n      <td>2944.474190</td>\n      <td>1.025323</td>\n    </tr>\n    <tr>\n      <th>min</th>\n      <td>2.000000</td>\n      <td>50.000000</td>\n      <td>1.005000</td>\n      <td>0.000000</td>\n      <td>0.000000</td>\n      <td>22.000000</td>\n      <td>1.500000</td>\n      <td>0.400000</td>\n      <td>4.500000</td>\n      <td>2.500000</td>\n      <td>3.100000</td>\n      <td>9.000000</td>\n      <td>2200.000000</td>\n      <td>2.100000</td>\n    </tr>\n    <tr>\n      <th>25%</th>\n      <td>42.000000</td>\n      <td>70.000000</td>\n      <td>1.010000</td>\n      <td>0.000000</td>\n      <td>0.000000</td>\n      <td>99.000000</td>\n      <td>27.000000</td>\n      <td>0.900000</td>\n      <td>135.000000</td>\n      <td>3.800000</td>\n      <td>10.300000</td>\n      <td>32.000000</td>\n      <td>6500.000000</td>\n      <td>3.900000</td>\n    </tr>\n    <tr>\n      <th>50%</th>\n      <td>55.000000</td>\n      <td>80.000000</td>\n      <td>1.020000</td>\n      <td>0.000000</td>\n      <td>0.000000</td>\n      <td>121.000000</td>\n      <td>42.000000</td>\n      <td>1.300000</td>\n      <td>138.000000</td>\n      <td>4.400000</td>\n      <td>12.650000</td>\n      <td>40.000000</td>\n      <td>8000.000000</td>\n      <td>4.800000</td>\n    </tr>\n    <tr>\n      <th>75%</th>\n      <td>64.500000</td>\n      <td>80.000000</td>\n      <td>1.020000</td>\n      <td>2.000000</td>\n      <td>0.000000</td>\n      <td>163.000000</td>\n      <td>66.000000</td>\n      <td>2.800000</td>\n      <td>142.000000</td>\n      <td>4.900000</td>\n      <td>15.000000</td>\n      <td>45.000000</td>\n      <td>9800.000000</td>\n      <td>5.400000</td>\n    </tr>\n    <tr>\n      <th>max</th>\n      <td>90.000000</td>\n      <td>180.000000</td>\n      <td>1.025000</td>\n      <td>5.000000</td>\n      <td>5.000000</td>\n      <td>490.000000</td>\n      <td>391.000000</td>\n      <td>76.000000</td>\n      <td>163.000000</td>\n      <td>47.000000</td>\n      <td>17.800000</td>\n      <td>54.000000</td>\n      <td>26400.000000</td>\n      <td>8.000000</td>\n    </tr>\n  </tbody>\n</table>\n</div>",
                        "text/plain": "              age          bp          sg          al          su         bgr  \\\ncount  391.000000  388.000000  353.000000  354.000000  351.000000  356.000000   \nmean    51.483376   76.469072    1.017408    1.016949    0.450142  148.036517   \nstd     17.169714   13.683637    0.005717    1.352679    1.099191   79.281714   \nmin      2.000000   50.000000    1.005000    0.000000    0.000000   22.000000   \n25%     42.000000   70.000000    1.010000    0.000000    0.000000   99.000000   \n50%     55.000000   80.000000    1.020000    0.000000    0.000000  121.000000   \n75%     64.500000   80.000000    1.020000    2.000000    0.000000  163.000000   \nmax     90.000000  180.000000    1.025000    5.000000    5.000000  490.000000   \n\n               bu          sc         sod         pot        hemo         pcv  \\\ncount  381.000000  383.000000  313.000000  312.000000  348.000000  329.000000   \nmean    57.425722    3.072454  137.528754    4.627244   12.526437   38.884498   \nstd     50.503006    5.741126   10.408752    3.193904    2.912587    8.990105   \nmin      1.500000    0.400000    4.500000    2.500000    3.100000    9.000000   \n25%     27.000000    0.900000  135.000000    3.800000   10.300000   32.000000   \n50%     42.000000    1.300000  138.000000    4.400000   12.650000   40.000000   \n75%     66.000000    2.800000  142.000000    4.900000   15.000000   45.000000   \nmax    391.000000   76.000000  163.000000   47.000000   17.800000   54.000000   \n\n                 wc          rc  \ncount    294.000000  269.000000  \nmean    8406.122449    4.707435  \nstd     2944.474190    1.025323  \nmin     2200.000000    2.100000  \n25%     6500.000000    3.900000  \n50%     8000.000000    4.800000  \n75%     9800.000000    5.400000  \nmax    26400.000000    8.000000  "
                    },
                    "execution_count": 7,
                    "metadata": {},
                    "output_type": "execute_result"
                }
            ]
        },
        {
            "metadata": {
                "_cell_guid": "babb360d-beb9-49d6-904a-19bea0ce3dbc",
                "_uuid": "dbe45aa2-b9db-43b4-a8bb-6932d735a5b1"
            },
            "cell_type": "code",
            "source": "#correlation between the features used in the data set\ndf.corr()",
            "execution_count": 8,
            "outputs": [
                {
                    "data": {
                        "text/html": "<div>\n<style scoped>\n    .dataframe tbody tr th:only-of-type {\n        vertical-align: middle;\n    }\n\n    .dataframe tbody tr th {\n        vertical-align: top;\n    }\n\n    .dataframe thead th {\n        text-align: right;\n    }\n</style>\n<table border=\"1\" class=\"dataframe\">\n  <thead>\n    <tr style=\"text-align: right;\">\n      <th></th>\n      <th>age</th>\n      <th>bp</th>\n      <th>sg</th>\n      <th>al</th>\n      <th>su</th>\n      <th>bgr</th>\n      <th>bu</th>\n      <th>sc</th>\n      <th>sod</th>\n      <th>pot</th>\n      <th>hemo</th>\n      <th>pcv</th>\n      <th>wc</th>\n      <th>rc</th>\n    </tr>\n  </thead>\n  <tbody>\n    <tr>\n      <th>age</th>\n      <td>1.000000</td>\n      <td>0.159480</td>\n      <td>-0.191096</td>\n      <td>0.122091</td>\n      <td>0.220866</td>\n      <td>0.244992</td>\n      <td>0.196985</td>\n      <td>0.132531</td>\n      <td>-0.100046</td>\n      <td>0.058377</td>\n      <td>-0.192928</td>\n      <td>-0.242119</td>\n      <td>0.118339</td>\n      <td>-0.268896</td>\n    </tr>\n    <tr>\n      <th>bp</th>\n      <td>0.159480</td>\n      <td>1.000000</td>\n      <td>-0.218836</td>\n      <td>0.160689</td>\n      <td>0.222576</td>\n      <td>0.160193</td>\n      <td>0.188517</td>\n      <td>0.146222</td>\n      <td>-0.116422</td>\n      <td>0.075151</td>\n      <td>-0.306540</td>\n      <td>-0.326319</td>\n      <td>0.029753</td>\n      <td>-0.261936</td>\n    </tr>\n    <tr>\n      <th>sg</th>\n      <td>-0.191096</td>\n      <td>-0.218836</td>\n      <td>1.000000</td>\n      <td>-0.469760</td>\n      <td>-0.296234</td>\n      <td>-0.374710</td>\n      <td>-0.314295</td>\n      <td>-0.361473</td>\n      <td>0.412190</td>\n      <td>-0.072787</td>\n      <td>0.602582</td>\n      <td>0.603560</td>\n      <td>-0.236215</td>\n      <td>0.579476</td>\n    </tr>\n    <tr>\n      <th>al</th>\n      <td>0.122091</td>\n      <td>0.160689</td>\n      <td>-0.469760</td>\n      <td>1.000000</td>\n      <td>0.269305</td>\n      <td>0.379464</td>\n      <td>0.453528</td>\n      <td>0.399198</td>\n      <td>-0.459896</td>\n      <td>0.129038</td>\n      <td>-0.634632</td>\n      <td>-0.611891</td>\n      <td>0.231989</td>\n      <td>-0.566437</td>\n    </tr>\n    <tr>\n      <th>su</th>\n      <td>0.220866</td>\n      <td>0.222576</td>\n      <td>-0.296234</td>\n      <td>0.269305</td>\n      <td>1.000000</td>\n      <td>0.717827</td>\n      <td>0.168583</td>\n      <td>0.223244</td>\n      <td>-0.131776</td>\n      <td>0.219450</td>\n      <td>-0.224775</td>\n      <td>-0.239189</td>\n      <td>0.184893</td>\n      <td>-0.237448</td>\n    </tr>\n    <tr>\n      <th>bgr</th>\n      <td>0.244992</td>\n      <td>0.160193</td>\n      <td>-0.374710</td>\n      <td>0.379464</td>\n      <td>0.717827</td>\n      <td>1.000000</td>\n      <td>0.143322</td>\n      <td>0.114875</td>\n      <td>-0.267848</td>\n      <td>0.066966</td>\n      <td>-0.306189</td>\n      <td>-0.301385</td>\n      <td>0.150015</td>\n      <td>-0.281541</td>\n    </tr>\n    <tr>\n      <th>bu</th>\n      <td>0.196985</td>\n      <td>0.188517</td>\n      <td>-0.314295</td>\n      <td>0.453528</td>\n      <td>0.168583</td>\n      <td>0.143322</td>\n      <td>1.000000</td>\n      <td>0.586368</td>\n      <td>-0.323054</td>\n      <td>0.357049</td>\n      <td>-0.610360</td>\n      <td>-0.607621</td>\n      <td>0.050462</td>\n      <td>-0.579087</td>\n    </tr>\n    <tr>\n      <th>sc</th>\n      <td>0.132531</td>\n      <td>0.146222</td>\n      <td>-0.361473</td>\n      <td>0.399198</td>\n      <td>0.223244</td>\n      <td>0.114875</td>\n      <td>0.586368</td>\n      <td>1.000000</td>\n      <td>-0.690158</td>\n      <td>0.326107</td>\n      <td>-0.401670</td>\n      <td>-0.404193</td>\n      <td>-0.006390</td>\n      <td>-0.400852</td>\n    </tr>\n    <tr>\n      <th>sod</th>\n      <td>-0.100046</td>\n      <td>-0.116422</td>\n      <td>0.412190</td>\n      <td>-0.459896</td>\n      <td>-0.131776</td>\n      <td>-0.267848</td>\n      <td>-0.323054</td>\n      <td>-0.690158</td>\n      <td>1.000000</td>\n      <td>0.097887</td>\n      <td>0.365183</td>\n      <td>0.376914</td>\n      <td>0.007277</td>\n      <td>0.344873</td>\n    </tr>\n    <tr>\n      <th>pot</th>\n      <td>0.058377</td>\n      <td>0.075151</td>\n      <td>-0.072787</td>\n      <td>0.129038</td>\n      <td>0.219450</td>\n      <td>0.066966</td>\n      <td>0.357049</td>\n      <td>0.326107</td>\n      <td>0.097887</td>\n      <td>1.000000</td>\n      <td>-0.133746</td>\n      <td>-0.163182</td>\n      <td>-0.105576</td>\n      <td>-0.158309</td>\n    </tr>\n    <tr>\n      <th>hemo</th>\n      <td>-0.192928</td>\n      <td>-0.306540</td>\n      <td>0.602582</td>\n      <td>-0.634632</td>\n      <td>-0.224775</td>\n      <td>-0.306189</td>\n      <td>-0.610360</td>\n      <td>-0.401670</td>\n      <td>0.365183</td>\n      <td>-0.133746</td>\n      <td>1.000000</td>\n      <td>0.895382</td>\n      <td>-0.169413</td>\n      <td>0.798880</td>\n    </tr>\n    <tr>\n      <th>pcv</th>\n      <td>-0.242119</td>\n      <td>-0.326319</td>\n      <td>0.603560</td>\n      <td>-0.611891</td>\n      <td>-0.239189</td>\n      <td>-0.301385</td>\n      <td>-0.607621</td>\n      <td>-0.404193</td>\n      <td>0.376914</td>\n      <td>-0.163182</td>\n      <td>0.895382</td>\n      <td>1.000000</td>\n      <td>-0.197022</td>\n      <td>0.791625</td>\n    </tr>\n    <tr>\n      <th>wc</th>\n      <td>0.118339</td>\n      <td>0.029753</td>\n      <td>-0.236215</td>\n      <td>0.231989</td>\n      <td>0.184893</td>\n      <td>0.150015</td>\n      <td>0.050462</td>\n      <td>-0.006390</td>\n      <td>0.007277</td>\n      <td>-0.105576</td>\n      <td>-0.169413</td>\n      <td>-0.197022</td>\n      <td>1.000000</td>\n      <td>-0.158163</td>\n    </tr>\n    <tr>\n      <th>rc</th>\n      <td>-0.268896</td>\n      <td>-0.261936</td>\n      <td>0.579476</td>\n      <td>-0.566437</td>\n      <td>-0.237448</td>\n      <td>-0.281541</td>\n      <td>-0.579087</td>\n      <td>-0.400852</td>\n      <td>0.344873</td>\n      <td>-0.158309</td>\n      <td>0.798880</td>\n      <td>0.791625</td>\n      <td>-0.158163</td>\n      <td>1.000000</td>\n    </tr>\n  </tbody>\n</table>\n</div>",
                        "text/plain": "           age        bp        sg        al        su       bgr        bu  \\\nage   1.000000  0.159480 -0.191096  0.122091  0.220866  0.244992  0.196985   \nbp    0.159480  1.000000 -0.218836  0.160689  0.222576  0.160193  0.188517   \nsg   -0.191096 -0.218836  1.000000 -0.469760 -0.296234 -0.374710 -0.314295   \nal    0.122091  0.160689 -0.469760  1.000000  0.269305  0.379464  0.453528   \nsu    0.220866  0.222576 -0.296234  0.269305  1.000000  0.717827  0.168583   \nbgr   0.244992  0.160193 -0.374710  0.379464  0.717827  1.000000  0.143322   \nbu    0.196985  0.188517 -0.314295  0.453528  0.168583  0.143322  1.000000   \nsc    0.132531  0.146222 -0.361473  0.399198  0.223244  0.114875  0.586368   \nsod  -0.100046 -0.116422  0.412190 -0.459896 -0.131776 -0.267848 -0.323054   \npot   0.058377  0.075151 -0.072787  0.129038  0.219450  0.066966  0.357049   \nhemo -0.192928 -0.306540  0.602582 -0.634632 -0.224775 -0.306189 -0.610360   \npcv  -0.242119 -0.326319  0.603560 -0.611891 -0.239189 -0.301385 -0.607621   \nwc    0.118339  0.029753 -0.236215  0.231989  0.184893  0.150015  0.050462   \nrc   -0.268896 -0.261936  0.579476 -0.566437 -0.237448 -0.281541 -0.579087   \n\n            sc       sod       pot      hemo       pcv        wc        rc  \nage   0.132531 -0.100046  0.058377 -0.192928 -0.242119  0.118339 -0.268896  \nbp    0.146222 -0.116422  0.075151 -0.306540 -0.326319  0.029753 -0.261936  \nsg   -0.361473  0.412190 -0.072787  0.602582  0.603560 -0.236215  0.579476  \nal    0.399198 -0.459896  0.129038 -0.634632 -0.611891  0.231989 -0.566437  \nsu    0.223244 -0.131776  0.219450 -0.224775 -0.239189  0.184893 -0.237448  \nbgr   0.114875 -0.267848  0.066966 -0.306189 -0.301385  0.150015 -0.281541  \nbu    0.586368 -0.323054  0.357049 -0.610360 -0.607621  0.050462 -0.579087  \nsc    1.000000 -0.690158  0.326107 -0.401670 -0.404193 -0.006390 -0.400852  \nsod  -0.690158  1.000000  0.097887  0.365183  0.376914  0.007277  0.344873  \npot   0.326107  0.097887  1.000000 -0.133746 -0.163182 -0.105576 -0.158309  \nhemo -0.401670  0.365183 -0.133746  1.000000  0.895382 -0.169413  0.798880  \npcv  -0.404193  0.376914 -0.163182  0.895382  1.000000 -0.197022  0.791625  \nwc   -0.006390  0.007277 -0.105576 -0.169413 -0.197022  1.000000 -0.158163  \nrc   -0.400852  0.344873 -0.158309  0.798880  0.791625 -0.158163  1.000000  "
                    },
                    "execution_count": 8,
                    "metadata": {},
                    "output_type": "execute_result"
                }
            ]
        },
        {
            "metadata": {
                "_cell_guid": "bf3f5086-6ada-429b-a6f4-180b95a09489",
                "_uuid": "9c626da4-4c91-4d3f-90f7-335ac404b3aa"
            },
            "cell_type": "code",
            "source": "#correlation map\nf,ax = plt.subplots(figsize=(12, 12))\nsns.heatmap(df.corr(), annot=True, linewidths=.5, fmt= '.1f',ax=ax)\nplt.show()",
            "execution_count": 9,
            "outputs": [
                {
                    "data": {
